1325: 23:0 1 2 3 4
1319: 16:0 2 8 5 7 3 1 6 4
1320: 19:0 1 4 7 3 2 5 8 9 6
1321: 41:0 3 5 8 1 9 2 4 11 6 10 7
1322: 34:0 2 1 4 7 5 13 3 6 12 10 11 8 9 14
1323: 33:0 3 2 5 10 1 4 9 14 7 12 6 11 8 15 18 13 19 16 17
1324: 143:0 4 14 1 10 3 5 13 2 11 19 6 17 9 15 12 20 7 16 23 8 24 21 18 22
1326: 45:0 5 3 2 9 4 1 17 12 21 18 6 10 11 20 15 8 7 16 23 13 19 14 25 28 22 24 26 29 27
1327: 157:0 15 2 8 3 18 25 7 23 6 9 24 11 22 17 4 19 28 30 10 33 5 12 27 20 29 1 31 26 14 13 32 34 16 21
1328: 256:0 4 1 2 3 11 6 16 8 13 19 10 23 7 22 31 12 9 27 5 26 14 24 33 15 35 20 32 36 18 21 38 29 28 25 34 39 17 30 37
1329: 224:0 10 1 8 4 19 5 24 9 16 15 2 25 12 7 3 20 17 18 21 6 27 28 11 43 13 23 14 33 22 26 35 34 38 29 39 42 32 31 36 30 40 44 37 41
1330: 53:0 1 4 2 3 14 5 9 7 12 6 16 17 8 15 10 23 11 18 13 20 19 21 25 24 22 27 26 28 30 32 29 33 34 31 35 38 39 43 36 41 40 42 44 45 48 37 46 47 49